{
 "cells": [
  {
   "cell_type": "markdown",
   "id": "c4990c58-8521-4f05-bb91-5157573df672",
   "metadata": {},
   "source": [
    "### Transformation Matrix from Basis B to C"
   ]
  },
  {
   "cell_type": "markdown",
   "id": "0cf83c78-bec2-48df-ba00-621763707171",
   "metadata": {},
   "source": [
    "Given basis vectors in two different bases B and C for R^3, write a Python function to compute the transformation matrix P from basis B to C.\n",
    "\n",
    "Example:\n",
    "Input:\n",
    "B = [[1, 0, 0], \n",
    "             [0, 1, 0], \n",
    "             [0, 0, 1]]\n",
    "        C = [[1, 2.3, 3], \n",
    "             [4.4, 25, 6], \n",
    "             [7.4, 8, 9]]\n",
    "Output:\n",
    "[[-0.6772, -0.0126, 0.2342],\n",
    "                [-0.0184, 0.0505, -0.0275],\n",
    "                [0.5732, -0.0345, -0.0569]]"
   ]
  },
  {
   "cell_type": "code",
   "execution_count": 4,
   "id": "62834711-8b88-4ace-9d64-2256d01b24af",
   "metadata": {},
   "outputs": [],
   "source": [
    "import numpy as np\n",
    "\n",
    "def transform_basis(B: list[list[int]], C: list[list[int]]) -> list[list[float]]:\n",
    "    return np.linalg.inv(C) @ B"
   ]
  },
  {
   "cell_type": "code",
   "execution_count": 5,
   "id": "abcde65f-cad8-41cd-9d82-065b89c9a492",
   "metadata": {},
   "outputs": [],
   "source": [
    "B = [[1, 0, 0], [0, 1, 0], [0, 0, 1]]\n",
    "C = [[1, 2.3, 3], [4.4, 25, 6], [7.4, 8, 9]]"
   ]
  },
  {
   "cell_type": "code",
   "execution_count": 6,
   "id": "070048e8-69d5-40c9-803b-5e1a1ab89c89",
   "metadata": {},
   "outputs": [
    {
     "data": {
      "text/plain": [
       "array([[-0.67722681, -0.01262626,  0.23415978],\n",
       "       [-0.01836547,  0.05050505, -0.02754821],\n",
       "       [ 0.5731558 , -0.03451178, -0.05693297]])"
      ]
     },
     "execution_count": 6,
     "metadata": {},
     "output_type": "execute_result"
    }
   ],
   "source": [
    "transform_basis(B, C)"
   ]
  },
  {
   "cell_type": "code",
   "execution_count": null,
   "id": "719771fd-5e3c-4141-8430-3430f30a179c",
   "metadata": {},
   "outputs": [],
   "source": []
  }
 ],
 "metadata": {
  "kernelspec": {
   "display_name": "Python 3 (ipykernel)",
   "language": "python",
   "name": "python3"
  },
  "language_info": {
   "codemirror_mode": {
    "name": "ipython",
    "version": 3
   },
   "file_extension": ".py",
   "mimetype": "text/x-python",
   "name": "python",
   "nbconvert_exporter": "python",
   "pygments_lexer": "ipython3",
   "version": "3.12.8"
  }
 },
 "nbformat": 4,
 "nbformat_minor": 5
}
